000 0.036 -1
001 0.067 0
002 0.107 0
003 0.155 0
004 0.172 0
005 0.203 0
006 0.233 0
007 0.274 0
008 0.307 0
009 0.341 0
010 0.383 0
011 0.416 0
012 0.427 0
013 0.452 0
014 0.499 0
015 0.525 0
016 0.548 0
017 0.583 0
018 0.616 0
019 0.656 0
020 0.683 0
021 0.716 0
022 0.749 0
023 0.790 0
024 0.817 0
025 0.851 0
026 0.881 0
027 0.914 0
028 0.947 0
029 0.982 0
030 1.017 0
031 1.049 0
032 1.082 0
033 1.115 0
034 1.159 0
035 1.186 0
036 1.214 0
037 1.248 0
038 1.284 0
039 1.316 0
040 1.349 0
041 1.388 0
042 1.419 0
043 1.449 0
044 1.481 0
045 1.516 0
046 1.549 0
047 1.582 0
048 1.616 0
049 1.649 0
050 1.692 0
051 1.726 0
052 1.750 0
053 1.781 0
054 1.815 0
055 1.849 0
056 1.881 0
057 1.916 0
058 1.948 0
059 1.982 0
060 2.017 0
061 2.048 0
062 2.081 0
063 2.117 0
064 2.160 0
065 2.192 0
066 2.219 0
067 2.250 0
068 2.283 0
069 2.315 0
070 2.348 0
071 2.386 0
072 2.416 0
073 2.448 0
074 2.484 0
075 2.519 0
076 2.560 0
077 2.595 0
078 2.628 0
079 2.658 0
080 2.690 0
081 2.722 0
082 2.753 0
083 2.795 0
084 2.827 0
085 2.861 0
086 2.891 0
087 2.923 0
088 2.961 0
089 2.988 0
090 3.020 0
091 3.060 0
092 3.102 0
093 3.129 0
094 3.156 0
095 3.202 0
096 3.230 0
097 3.260 0
098 3.294 0
099 3.395 0
100 3.432 0
101 3.458 0
102 3.480 0
103 3.518 0
104 3.564 0
105 3.613 0
106 3.657 0
107 3.689 0
108 3.721 0
109 3.754 0
110 3.801 0
111 3.840 0
112 3.894 0
113 3.928 0
114 3.986 0
115 4.021 0
116 4.046 0
117 4.082 0
118 4.111 0
119 4.147 0
120 4.178 0
121 4.212 0
122 4.244 0
123 4.275 0
124 4.315 0
125 4.345 0
126 4.378 0
127 4.413 0
128 4.446 0
129 4.481 0
130 4.511 0
131 4.543 0
132 4.578 0
133 4.620 0
134 4.647 0
135 4.680 0
136 4.711 0
137 4.743 0
138 4.771 0
139 4.801 0
140 4.839 0
141 4.880 0
142 4.913 0
143 4.944 0
144 4.984 0
145 5.016 0